Date,Open,High,Low,Close,Volume
23-Oct-14,30.50,30.50,29.83,30.15,154487
22-Oct-14,30.02,30.59,29.91,30.12,154575
21-Oct-14,29.97,30.61,29.80,30.15,207137
20-Oct-14,29.97,30.38,29.58,30.02,88285
17-Oct-14,30.03,30.44,29.60,30.18,233089
16-Oct-14,29.99,30.86,29.46,29.92,239153
15-Oct-14,30.35,30.71,29.93,30.54,101169
14-Oct-14,30.64,30.71,30.24,30.57,191653
13-Oct-14,30.23,30.75,29.94,30.28,396193
10-Oct-14,29.67,30.59,29.67,30.06,141228
9-Oct-14,30.85,30.92,29.76,29.85,104760
8-Oct-14,30.20,30.98,29.78,30.84,77089
7-Oct-14,30.49,30.60,30.09,30.21,177378
6-Oct-14,30.04,30.74,30.02,30.54,137641
3-Oct-14,30.03,30.71,29.85,29.91,173848
2-Oct-14,29.51,30.09,29.30,29.67,133361
1-Oct-14,29.79,30.08,29.24,29.35,234222
30-Sep-14,30.57,30.57,29.83,29.93,95847
29-Sep-14,30.51,30.78,30.35,30.66,66487
26-Sep-14,30.81,31.21,30.34,30.78,96673
25-Sep-14,30.60,30.94,30.50,30.59,120718
24-Sep-14,31.15,31.20,30.65,30.77,142675
23-Sep-14,30.83,31.23,30.59,30.98,124472
22-Sep-14,31.14,31.60,30.52,31.14,133106
19-Sep-14,31.69,31.69,31.00,31.54,150038
18-Sep-14,30.80,31.66,30.65,31.48,179347
17-Sep-14,31.50,31.64,30.65,30.81,200080
16-Sep-14,31.75,32.02,31.13,31.57,145392
15-Sep-14,32.75,33.16,31.70,31.78,120552
12-Sep-14,32.94,33.22,32.64,32.87,52343
11-Sep-14,32.67,33.05,32.66,32.76,69269
10-Sep-14,32.55,32.98,32.26,32.86,80532
9-Sep-14,32.31,33.11,32.29,32.50,98339
8-Sep-14,33.40,34.00,32.15,32.61,547522
5-Sep-14,34.07,34.12,33.43,33.69,164285
4-Sep-14,35.14,35.14,33.95,34.24,170228
3-Sep-14,35.95,36.30,34.86,35.05,201156
2-Sep-14,35.00,35.91,34.58,35.62,134228
29-Aug-14,34.17,34.84,34.03,34.62,45922
28-Aug-14,34.40,34.53,34.06,34.17,29733
27-Aug-14,34.52,34.72,34.24,34.35,47261
26-Aug-14,34.82,35.22,34.25,34.63,135289
25-Aug-14,34.72,35.82,34.09,34.66,178726
22-Aug-14,34.36,35.26,34.32,34.65,172965
21-Aug-14,35.21,35.21,34.25,34.60,186116
20-Aug-14,35.88,35.91,34.78,34.86,92805
19-Aug-14,36.00,36.48,35.32,35.67,139946
18-Aug-14,35.56,36.19,35.12,35.89,85370
15-Aug-14,35.95,35.95,34.75,35.03,138493
14-Aug-14,35.80,36.44,35.37,35.96,350747
13-Aug-14,34.89,36.13,34.89,35.35,350984
12-Aug-14,31.66,36.98,31.66,34.89,653252
11-Aug-14,36.50,38.57,36.50,38.25,118632
8-Aug-14,37.05,37.05,36.10,36.43,91757
7-Aug-14,37.18,37.50,35.93,36.62,140044
6-Aug-14,36.30,37.21,36.30,36.90,89158
5-Aug-14,36.88,37.26,36.34,36.74,205364
4-Aug-14,37.24,37.60,36.54,37.06,48632
1-Aug-14,37.90,37.90,36.36,37.24,97436
31-Jul-14,37.87,38.18,37.50,37.78,130544
30-Jul-14,37.68,38.36,37.57,38.10,99548
29-Jul-14,37.76,38.20,37.08,37.66,249176
28-Jul-14,36.50,38.55,36.05,37.76,286634
25-Jul-14,36.32,36.50,35.81,36.05,21196
24-Jul-14,36.24,36.72,36.00,36.64,113718
23-Jul-14,35.62,36.17,35.42,36.00,140540
22-Jul-14,35.06,37.14,34.92,35.62,231240
21-Jul-14,34.78,34.97,34.33,34.85,68794
18-Jul-14,34.50,35.00,34.26,34.83,89230
17-Jul-14,34.40,34.50,33.85,34.34,139556
16-Jul-14,35.02,35.10,34.19,34.44,104776
15-Jul-14,34.44,35.12,33.95,34.96,235882
14-Jul-14,34.72,35.00,34.36,34.51,136630
11-Jul-14,34.41,34.72,33.82,34.26,115418
10-Jul-14,34.50,34.64,34.26,34.40,93234
9-Jul-14,34.82,35.20,34.34,34.82,109248
8-Jul-14,35.98,35.98,34.10,34.76,290764
7-Jul-14,35.96,36.22,35.20,36.02,284866
3-Jul-14,36.31,37.15,35.76,36.06,86488
2-Jul-14,34.70,37.84,33.46,36.50,623568
1-Jul-14,32.88,34.94,32.68,34.52,142636
30-Jun-14,32.40,33.05,32.22,32.98,473728
27-Jun-14,31.26,32.76,31.26,32.62,479576
26-Jun-14,32.51,32.60,32.00,32.58,144666
25-Jun-14,33.00,33.40,31.66,32.78,195418
24-Jun-14,31.64,33.97,31.48,33.28,496620
23-Jun-14,31.34,31.84,30.75,31.67,75934
20-Jun-14,31.66,31.75,30.58,31.43,352696
19-Jun-14,31.58,32.10,31.40,31.80,167312
18-Jun-14,31.80,31.86,31.10,31.76,114228
17-Jun-14,30.98,31.90,30.77,31.88,79594
16-Jun-14,30.21,31.33,30.21,31.12,88638
13-Jun-14,30.40,30.40,30.06,30.26,64036
12-Jun-14,30.05,31.50,29.96,30.40,227486
11-Jun-14,30.22,30.46,29.95,30.30,33264
10-Jun-14,30.26,30.46,30.12,30.41,22078
9-Jun-14,30.84,30.84,30.03,30.44,99094
6-Jun-14,30.62,31.21,30.40,30.86,55744
5-Jun-14,30.00,30.65,29.50,30.50,135978
4-Jun-14,30.06,30.49,29.96,29.96,141310
3-Jun-14,30.04,30.50,30.04,30.37,80938
2-Jun-14,31.40,31.40,30.08,30.31,179972
30-May-14,31.51,31.53,31.13,31.16,139166
29-May-14,31.46,31.83,31.13,31.56,134346
28-May-14,32.31,32.31,31.56,31.62,54604
27-May-14,32.38,32.41,31.85,32.22,54738
23-May-14,32.63,33.06,31.90,32.16,117224
22-May-14,31.30,33.04,30.97,32.82,107870
21-May-14,30.98,31.34,30.80,31.24,96320
20-May-14,30.96,31.30,30.63,30.69,115762
19-May-14,30.50,31.04,30.45,30.88,165140
16-May-14,30.89,31.18,30.24,30.50,74684
15-May-14,30.73,31.05,30.24,30.82,42578
14-May-14,30.82,31.26,30.76,30.86,107682
13-May-14,30.93,31.20,30.62,30.92,94030
12-May-14,31.00,31.43,30.50,30.98,216588
9-May-14,31.44,31.63,30.05,30.55,338712
8-May-14,31.38,34.00,31.20,32.30,111374
7-May-14,33.88,33.88,31.76,32.21,346304
6-May-14,34.14,34.89,33.74,34.00,195870
5-May-14,34.36,34.82,34.00,34.48,349744
2-May-14,34.12,35.25,33.44,34.63,130600
1-May-14,34.00,35.42,32.94,33.94,407006
30-Apr-14,32.48,34.15,32.26,33.72,284812
29-Apr-14,31.77,32.50,31.62,32.44,124026
28-Apr-14,32.78,32.98,31.19,31.44,234912
25-Apr-14,35.35,35.94,32.10,32.74,581246
24-Apr-14,35.94,35.94,34.64,35.78,279938
23-Apr-14,36.22,36.22,35.00,35.76,280458
22-Apr-14,36.58,36.70,36.20,36.22,50306
21-Apr-14,35.57,36.99,35.34,36.46,45890
17-Apr-14,35.48,36.50,35.10,36.08,38020
16-Apr-14,35.16,35.61,35.04,35.51,52418
15-Apr-14,34.96,35.58,33.77,35.06,119528
14-Apr-14,34.65,35.94,34.41,35.01,123678
11-Apr-14,34.56,35.01,34.38,34.60,92668
10-Apr-14,34.58,34.88,34.32,34.75,184950
9-Apr-14,34.35,35.10,34.30,34.99,52932
8-Apr-14,33.76,34.86,33.76,34.35,228960
7-Apr-14,33.21,34.46,32.85,34.02,285954
4-Apr-14,34.18,34.80,32.03,33.55,427218
3-Apr-14,36.62,36.72,33.50,34.20,522470
2-Apr-14,36.06,37.00,36.06,36.94,130810
1-Apr-14,35.62,36.63,35.62,36.49,127268
31-Mar-14,35.57,36.34,35.35,35.62,85300
28-Mar-14,35.52,36.68,35.52,35.76,52476
27-Mar-14,35.50,36.24,35.50,35.50,67310
26-Mar-14,36.08,36.37,35.08,35.32,80744
25-Mar-14,36.52,36.98,35.28,35.84,129092
24-Mar-14,36.61,36.62,36.14,36.44,116770
21-Mar-14,36.98,37.14,36.00,36.46,146678
20-Mar-14,38.02,38.02,36.40,36.46,78058
19-Mar-14,37.91,38.44,37.76,38.20,101432
18-Mar-14,36.88,37.70,36.66,37.62,120588
17-Mar-14,36.44,37.28,36.32,36.70,111986
14-Mar-14,37.10,37.76,36.15,36.58,106262
13-Mar-14,37.60,38.26,37.08,37.33,97182
12-Mar-14,38.14,38.14,37.36,38.00,46830
11-Mar-14,38.36,38.72,37.84,38.11,88418
10-Mar-14,39.56,39.56,38.24,38.30,170416
7-Mar-14,39.00,39.56,38.42,39.52,168510
6-Mar-14,38.70,38.98,38.58,38.89,137960
5-Mar-14,38.65,38.65,38.14,38.58,104432
4-Mar-14,37.90,38.96,37.75,38.34,110066
3-Mar-14,37.25,37.74,36.84,37.60,57122
28-Feb-14,37.78,38.20,37.31,37.65,65676
27-Feb-14,37.66,37.94,37.20,37.58,43780
26-Feb-14,38.46,38.46,37.48,37.64,65894
25-Feb-14,39.58,39.58,37.64,38.00,107222
24-Feb-14,41.26,41.50,38.58,39.50,116004
21-Feb-14,42.91,43.00,41.30,41.70,86276
20-Feb-14,41.83,42.46,41.06,41.84,86806
19-Feb-14,40.73,41.40,37.30,41.26,55908
18-Feb-14,39.74,40.98,39.34,40.98,133406
14-Feb-14,40.60,40.60,39.21,39.74,62608
13-Feb-14,38.27,41.32,37.89,40.82,154652
12-Feb-14,37.24,38.30,37.24,38.27,84062
11-Feb-14,37.10,37.35,36.32,37.22,82254
10-Feb-14,36.64,37.77,36.54,36.81,54950
7-Feb-14,37.06,37.60,36.32,36.66,132066
6-Feb-14,36.44,37.84,36.06,36.58,85766
5-Feb-14,35.72,36.52,35.30,36.18,58504
4-Feb-14,36.00,37.05,35.42,36.24,108376
3-Feb-14,35.52,36.75,34.57,35.82,96344
31-Jan-14,35.02,36.74,35.02,36.50,82510
30-Jan-14,36.80,37.33,35.70,35.70,46616
29-Jan-14,37.70,37.70,36.14,36.44,70600
28-Jan-14,37.08,38.51,36.70,37.53,78240
27-Jan-14,37.59,38.28,36.10,36.73,113616
24-Jan-14,39.60,39.90,37.50,37.50,240412
23-Jan-14,39.77,40.50,38.42,40.08,176224
22-Jan-14,40.55,40.63,39.75,40.44,46906
21-Jan-14,40.60,41.43,39.85,40.70,46626
17-Jan-14,40.75,40.85,40.24,40.62,54728
16-Jan-14,40.90,41.20,40.26,40.96,37316
15-Jan-14,39.70,41.02,39.70,41.00,45958
14-Jan-14,38.87,40.75,38.87,39.63,32824
13-Jan-14,39.02,39.47,38.33,38.82,76052
10-Jan-14,39.92,40.36,39.08,39.45,39782
9-Jan-14,40.80,40.80,39.50,39.61,139058
8-Jan-14,38.98,40.99,38.98,40.89,82074
7-Jan-14,38.98,39.44,38.08,38.61,76742
6-Jan-14,39.07,39.18,38.36,38.76,92616
3-Jan-14,39.06,39.42,39.01,39.30,18998
2-Jan-14,38.58,39.44,38.30,39.18,26016
31-Dec-13,38.83,38.95,38.63,38.95,46796
30-Dec-13,39.18,39.44,38.78,39.23,32936
27-Dec-13,38.74,39.44,38.74,39.40,20516
26-Dec-13,39.00,39.00,38.58,38.94,22196
24-Dec-13,38.82,38.90,38.46,38.90,21100
23-Dec-13,38.50,38.97,38.07,38.82,43962
20-Dec-13,38.08,38.50,36.34,38.37,66988
19-Dec-13,37.80,38.25,37.80,38.24,46010
18-Dec-13,37.75,38.24,37.24,37.92,29082
17-Dec-13,37.65,38.03,37.28,37.65,16530
16-Dec-13,38.08,38.08,37.48,37.66,23084
13-Dec-13,37.05,37.94,36.83,37.94,34476
12-Dec-13,37.33,37.50,37.00,37.18,41800
11-Dec-13,37.42,38.09,37.00,37.13,169424
10-Dec-13,36.68,37.45,36.68,37.14,55880
9-Dec-13,36.92,36.92,36.56,36.76,15446
6-Dec-13,36.80,37.00,36.70,36.80,27092
5-Dec-13,36.54,36.95,36.32,36.58,9588
4-Dec-13,36.45,36.86,35.60,36.62,17984
3-Dec-13,36.62,36.87,36.55,36.78,19228
2-Dec-13,36.30,36.80,36.30,36.60,105698
29-Nov-13,36.49,36.94,36.49,36.84,13724
27-Nov-13,36.50,36.86,36.12,36.74,29622
26-Nov-13,36.15,36.94,35.50,36.60,29050
25-Nov-13,36.36,36.64,36.00,36.30,44698
22-Nov-13,35.32,36.84,35.32,36.50,61144
21-Nov-13,35.70,35.92,34.87,35.45,98874
20-Nov-13,35.90,35.98,35.21,35.80,24322
19-Nov-13,35.56,36.49,35.56,36.02,43006
18-Nov-13,36.50,37.58,35.58,36.29,122176
15-Nov-13,36.50,36.95,36.38,36.50,54166
14-Nov-13,36.40,36.65,36.40,36.65,67732
13-Nov-13,35.90,36.75,35.23,36.64,94512
12-Nov-13,34.90,36.80,34.90,36.44,88394
11-Nov-13,34.56,35.18,34.34,35.18,56374
8-Nov-13,36.90,36.90,34.44,34.80,153544
7-Nov-13,36.67,37.48,34.95,34.95,123740
6-Nov-13,39.10,40.00,38.62,39.00,96542
5-Nov-13,38.10,38.47,38.02,38.02,11548
4-Nov-13,38.64,39.30,38.01,38.50,46586
1-Nov-13,38.62,39.00,37.84,38.94,55972
31-Oct-13,37.79,38.63,36.40,38.30,55446
30-Oct-13,37.76,38.34,37.47,38.05,26430
29-Oct-13,38.46,38.46,37.04,37.74,23510
28-Oct-13,37.50,38.38,37.48,38.00,79446
25-Oct-13,37.58,38.18,36.50,37.36,43946
24-Oct-13,37.75,37.80,37.53,37.62,30526
23-Oct-13,38.52,38.52,37.74,38.00,21614
22-Oct-13,39.00,39.08,38.42,38.80,166982
21-Oct-13,38.20,39.78,38.20,39.02,48008
18-Oct-13,38.37,39.20,38.06,38.30,133722
17-Oct-13,37.75,38.69,37.51,38.30,70440
16-Oct-13,37.16,38.30,36.98,37.95,72714
15-Oct-13,36.56,37.30,36.56,36.96,43470
14-Oct-13,36.65,36.94,36.28,36.60,126374
11-Oct-13,36.92,37.42,36.45,37.03,474782
10-Oct-13,36.48,36.78,36.30,36.77,63236
9-Oct-13,36.70,36.72,35.80,36.18,86288
8-Oct-13,36.65,37.24,36.62,36.75,61542
7-Oct-13,36.62,36.78,36.06,36.71,91194
4-Oct-13,36.78,37.39,36.00,36.75,92552
3-Oct-13,37.23,37.23,36.71,36.75,241764
2-Oct-13,35.97,38.11,35.97,36.75,178188
1-Oct-13,36.00,36.42,36.00,36.20,263900
30-Sep-13,35.34,36.04,35.28,35.91,138512
27-Sep-13,35.29,35.79,35.26,35.56,41326
26-Sep-13,35.65,35.65,35.38,35.62,242842
25-Sep-13,35.70,35.70,35.22,35.67,31184
24-Sep-13,35.84,35.92,35.53,35.74,491476
23-Sep-13,35.90,35.90,35.38,35.79,13928
20-Sep-13,35.80,36.00,35.48,35.90,129922
19-Sep-13,35.20,35.95,35.14,35.88,310926
18-Sep-13,34.56,35.35,34.27,35.35,147858
17-Sep-13,34.08,34.66,34.03,34.41,36688
16-Sep-13,33.50,34.64,33.50,34.30,26838
13-Sep-13,33.23,33.30,33.00,33.26,102342
12-Sep-13,33.30,33.50,33.16,33.28,92122
11-Sep-13,33.01,33.40,32.82,33.25,128772
10-Sep-13,33.40,33.40,32.94,33.24,154316
9-Sep-13,33.10,33.20,32.84,33.05,190006
6-Sep-13,32.96,33.12,32.82,33.06,64278
5-Sep-13,33.14,33.30,32.80,33.24,61036
4-Sep-13,33.32,33.32,31.98,32.78,78474
3-Sep-13,31.93,33.45,31.75,33.35,134480
30-Aug-13,32.18,32.50,31.50,31.52,71296
29-Aug-13,32.44,32.67,31.52,32.06,39438
28-Aug-13,31.48,32.94,31.48,32.14,49028
27-Aug-13,31.02,32.25,31.02,31.59,77706
26-Aug-13,33.13,33.13,32.10,32.36,75510
23-Aug-13,32.79,33.00,31.78,32.96,62280
22-Aug-13,33.70,33.70,32.20,32.91,39644
21-Aug-13,33.49,34.02,33.49,33.62,28976
20-Aug-13,34.00,34.10,33.51,34.00,179072
19-Aug-13,33.60,34.16,33.30,34.00,68912
16-Aug-13,33.28,33.65,33.28,33.65,10200
15-Aug-13,34.00,34.00,32.54,33.46,109516
14-Aug-13,33.54,34.52,33.54,34.20,100916
13-Aug-13,33.48,34.62,33.48,33.84,120584
12-Aug-13,33.86,34.04,33.23,33.55,125964
9-Aug-13,32.90,34.88,32.50,34.08,112808
8-Aug-13,33.93,35.08,33.92,35.04,70058
7-Aug-13,34.30,34.44,33.68,33.75,41532
6-Aug-13,34.20,34.28,33.40,34.24,96056
5-Aug-13,33.03,34.47,32.90,33.94,87504
2-Aug-13,35.00,35.02,32.55,33.29,27890
1-Aug-13,33.38,34.19,32.30,34.06,58290
31-Jul-13,31.95,33.75,31.29,33.25,175758
30-Jul-13,33.06,33.06,31.40,31.78,66932
29-Jul-13,34.12,34.48,32.38,33.14,45416
26-Jul-13,33.20,34.70,33.13,34.56,40790
25-Jul-13,33.13,33.75,33.13,33.40,26058
24-Jul-13,33.80,34.20,32.96,33.06,26274
23-Jul-13,32.75,33.81,32.64,33.54,51138
22-Jul-13,33.34,33.60,31.50,32.62,84078
19-Jul-13,32.56,33.68,32.25,33.46,88174
18-Jul-13,32.30,33.16,32.30,32.80,91784
17-Jul-13,31.75,32.48,31.71,32.18,52724
16-Jul-13,31.16,32.04,31.04,31.85,93420
15-Jul-13,31.12,31.61,30.70,31.22,157666
12-Jul-13,31.12,31.14,30.80,31.06,132588
11-Jul-13,31.14,31.48,30.77,31.16,171462
10-Jul-13,30.96,31.00,30.48,30.75,216306
9-Jul-13,31.20,31.47,30.55,30.96,175434
8-Jul-13,31.16,32.97,30.90,31.07,304242
5-Jul-13,32.75,32.75,30.66,30.92,126426
3-Jul-13,32.38,32.90,32.06,32.70,40096
2-Jul-13,33.06,33.40,32.59,32.76,49990
1-Jul-13,33.76,34.25,32.42,32.98,136414
28-Jun-13,31.99,34.00,31.98,33.76,508524
27-Jun-13,31.90,32.24,30.28,32.14,78110
26-Jun-13,31.40,32.25,31.25,31.84,76592
25-Jun-13,30.80,31.66,30.00,31.42,224724
24-Jun-13,30.44,31.15,29.25,30.80,303148
21-Jun-13,30.74,30.90,30.00,30.48,169120
20-Jun-13,31.04,31.50,30.47,30.78,316702
19-Jun-13,31.67,31.99,31.40,31.54,54952
18-Jun-13,31.07,32.06,30.96,31.90,128802
17-Jun-13,30.48,31.28,30.48,31.10,73174
14-Jun-13,30.60,30.80,30.07,30.34,58582
13-Jun-13,30.54,30.69,29.60,30.56,215508
12-Jun-13,32.01,32.01,30.16,30.42,193060
11-Jun-13,32.24,32.48,31.40,31.78,131344
10-Jun-13,32.55,32.68,32.33,32.53,404224
7-Jun-13,32.50,32.50,32.20,32.44,89880
6-Jun-13,31.75,32.44,31.75,32.35,223550
5-Jun-13,32.45,32.45,31.68,31.75,189908
4-Jun-13,30.80,32.79,30.54,32.58,587986
3-Jun-13,29.94,30.86,29.76,30.76,322804
31-May-13,30.22,30.37,30.00,30.00,51430
30-May-13,30.37,30.40,29.90,30.40,99568
29-May-13,30.26,30.38,29.72,30.14,174974
28-May-13,30.38,30.40,29.66,30.40,65456
24-May-13,30.34,30.37,29.94,30.34,77564
23-May-13,30.01,30.40,28.00,30.34,100418
22-May-13,30.29,30.60,30.09,30.40,102982
21-May-13,30.06,30.25,29.74,30.22,243780
20-May-13,29.78,30.90,29.72,30.22,230200
17-May-13,30.00,30.00,29.36,29.94,93262
16-May-13,29.14,30.50,29.14,29.80,444048
15-May-13,28.27,29.18,28.27,29.02,113242
14-May-13,28.55,28.70,28.00,28.52,113122
13-May-13,29.30,29.30,28.17,28.61,226512
10-May-13,30.30,30.52,27.58,29.34,110146
9-May-13,29.75,30.35,29.75,30.21,132356
8-May-13,29.74,30.36,29.62,29.76,122452
7-May-13,29.45,29.98,29.45,29.86,37156
6-May-13,28.79,29.48,28.78,29.44,78318
3-May-13,28.95,29.00,28.80,28.85,133266
2-May-13,28.79,28.97,28.38,28.80,84764
1-May-13,28.68,28.88,28.65,28.72,174060
30-Apr-13,28.70,29.06,28.62,28.80,76138
29-Apr-13,28.56,28.92,28.32,28.78,69752
26-Apr-13,28.68,28.76,28.45,28.49,46496
25-Apr-13,28.26,28.78,28.26,28.60,46324
24-Apr-13,28.32,28.45,27.74,28.12,159910
23-Apr-13,28.99,28.99,28.25,28.60,96820
22-Apr-13,29.04,29.04,28.72,29.00,17562
19-Apr-13,29.02,29.15,28.80,28.92,65108
18-Apr-13,29.23,29.23,28.60,29.00,71782
17-Apr-13,29.46,29.83,29.21,29.34,111354
16-Apr-13,29.86,29.86,28.61,29.38,104130
15-Apr-13,29.89,29.89,29.51,29.57,397142
12-Apr-13,29.58,30.06,29.58,29.76,27974
11-Apr-13,29.68,30.09,29.68,29.87,129980
10-Apr-13,29.86,30.87,29.53,30.34,32984
9-Apr-13,29.54,30.87,29.36,29.85,64594
8-Apr-13,29.62,29.90,29.33,29.56,51562
5-Apr-13,29.56,29.76,29.32,29.56,48612
4-Apr-13,29.50,30.32,29.27,30.04,195732
3-Apr-13,29.64,29.70,29.46,29.57,96146
2-Apr-13,29.78,30.05,29.48,29.78,22470
1-Apr-13,29.58,29.75,29.39,29.66,48430
28-Mar-13,29.87,30.49,29.68,29.70,363618
27-Mar-13,29.69,30.25,29.63,29.92,283286
26-Mar-13,29.72,29.92,29.50,29.89,165368
25-Mar-13,29.12,29.89,29.12,29.54,216874
22-Mar-13,29.06,29.40,28.94,29.36,62948
21-Mar-13,28.86,29.12,28.85,28.97,58502
20-Mar-13,28.90,29.49,28.68,29.24,90120
19-Mar-13,28.75,29.00,28.68,28.88,80352
18-Mar-13,28.55,28.99,28.48,28.76,119112
15-Mar-13,29.00,29.00,28.52,28.73,252746
14-Mar-13,28.50,29.00,28.20,29.00,348102
13-Mar-13,28.30,28.70,27.99,28.70,251502
12-Mar-13,28.21,28.48,27.44,28.32,173254
11-Mar-13,28.10,28.25,27.54,28.21,329400
8-Mar-13,27.87,28.24,27.66,28.14,245094
7-Mar-13,27.80,27.88,27.34,27.88,93820
6-Mar-13,27.96,28.00,27.67,27.80,88376
5-Mar-13,28.00,28.00,27.53,27.98,78580
4-Mar-13,27.88,27.98,27.64,27.80,56418
1-Mar-13,27.88,27.90,27.37,27.90,108614
28-Feb-13,27.82,28.15,27.72,27.76,66234
27-Feb-13,27.73,27.83,27.12,27.83,72552
26-Feb-13,28.25,28.25,27.50,27.71,101470
25-Feb-13,28.15,28.97,28.00,28.21,184332
22-Feb-13,27.80,28.11,27.56,28.05,201938
21-Feb-13,29.50,29.52,26.76,27.87,264592
20-Feb-13,28.46,29.02,28.25,28.72,192738
19-Feb-13,28.20,28.46,27.67,28.07,202780
15-Feb-13,27.92,28.46,27.50,28.02,54512
14-Feb-13,27.84,28.26,27.75,28.08,32176
13-Feb-13,28.48,28.58,27.61,27.98,48418
12-Feb-13,27.92,29.20,27.92,28.52,156378
11-Feb-13,27.38,27.95,27.34,27.76,29612
8-Feb-13,27.00,27.64,26.92,27.57,36232
7-Feb-13,27.31,27.62,26.30,26.92,98126
6-Feb-13,26.90,27.42,26.90,27.35,65972
5-Feb-13,27.00,27.18,25.53,27.10,91836
4-Feb-13,26.90,27.06,26.80,26.80,148924
1-Feb-13,27.12,27.25,26.74,26.86,40124
31-Jan-13,27.24,28.15,26.30,27.00,310634
30-Jan-13,26.65,27.48,26.65,27.16,140840
29-Jan-13,26.70,26.88,26.42,26.63,47138
28-Jan-13,26.76,27.12,26.44,26.71,28850
25-Jan-13,26.62,26.75,26.26,26.58,50274
24-Jan-13,26.80,26.80,26.08,26.56,66794
23-Jan-13,27.50,27.57,26.84,26.86,27248
22-Jan-13,27.27,27.62,27.18,27.44,133934
18-Jan-13,27.22,27.34,26.72,27.10,45212
17-Jan-13,26.87,27.34,26.74,27.08,66726
16-Jan-13,27.10,27.25,26.58,26.68,79312
15-Jan-13,26.64,27.53,26.39,27.12,284464
14-Jan-13,26.21,26.80,26.21,26.58,115858
11-Jan-13,26.25,26.38,25.91,26.19,72430
10-Jan-13,26.80,26.90,25.77,26.31,166356
9-Jan-13,26.28,26.92,26.28,26.59,128974
8-Jan-13,26.50,26.50,26.06,26.26,102472
7-Jan-13,26.66,26.68,25.93,26.40,193296
4-Jan-13,24.58,26.90,24.46,26.51,314738
3-Jan-13,24.20,24.78,23.84,24.32,182194
2-Jan-13,23.64,24.49,23.64,24.05,92482
31-Dec-12,23.10,23.98,22.80,23.38,74894
28-Dec-12,23.56,23.89,22.96,23.13,56672
27-Dec-12,23.76,24.00,23.64,23.77,315344
26-Dec-12,23.46,24.19,23.34,23.60,242210
24-Dec-12,23.60,23.81,23.33,23.41,11204
21-Dec-12,23.33,23.68,23.25,23.52,133726
20-Dec-12,23.77,23.89,23.55,23.75,93460
19-Dec-12,23.22,23.98,23.22,23.76,104326
18-Dec-12,23.22,23.48,22.92,23.28,107740
17-Dec-12,23.42,23.59,23.22,23.31,79370
14-Dec-12,23.21,23.69,22.50,23.47,125066
13-Dec-12,23.50,23.54,23.11,23.18,59112
12-Dec-12,23.16,23.50,22.92,23.34,64880
11-Dec-12,23.44,23.82,23.02,23.27,79246
10-Dec-12,23.48,24.00,23.12,23.42,89744
7-Dec-12,23.59,23.74,23.30,23.48,97358
6-Dec-12,23.71,23.88,23.26,23.56,149476
5-Dec-12,25.12,25.70,23.60,23.78,279426
4-Dec-12,26.50,26.50,25.00,25.23,224436
3-Dec-12,26.50,26.58,26.40,26.47,129052
30-Nov-12,26.50,26.66,26.42,26.44,46930
29-Nov-12,26.94,26.94,26.48,26.58,67138
28-Nov-12,26.62,26.88,26.38,26.58,104334
27-Nov-12,26.64,27.24,26.50,26.98,335518
26-Nov-12,26.50,26.92,26.50,26.58,125300
23-Nov-12,26.75,26.75,26.47,26.62,26732
21-Nov-12,26.80,26.82,26.32,26.60,57544
20-Nov-12,27.25,27.25,26.50,26.68,57840
19-Nov-12,27.00,27.25,26.83,27.02,305102
16-Nov-12,26.72,26.94,26.25,26.94,192094
15-Nov-12,26.68,26.91,26.62,26.72,160182
14-Nov-12,26.50,26.94,26.29,26.62,202844
13-Nov-12,26.78,26.96,26.25,26.51,129624
12-Nov-12,26.36,27.20,25.94,26.86,297954
9-Nov-12,25.22,26.84,24.32,26.50,472872
8-Nov-12,23.73,25.50,23.52,25.22,211738
7-Nov-12,23.46,24.06,23.09,23.38,93348
6-Nov-12,23.49,24.20,23.47,23.90,98916
5-Nov-12,23.20,23.65,23.18,23.60,66592
2-Nov-12,23.64,23.64,22.75,22.97,46726
1-Nov-12,23.50,24.06,23.41,23.72,188108
31-Oct-12,23.34,23.65,23.14,23.52,66322
26-Oct-12,23.49,23.49,22.90,23.05,39878
25-Oct-12,23.37,23.42,23.32,23.34,32496
24-Oct-12,23.24,23.32,22.85,23.32,47240
23-Oct-12,23.32,23.32,22.85,23.06,47376
22-Oct-12,23.26,23.60,23.15,23.48,107160
19-Oct-12,23.20,23.53,22.83,23.04,68878
18-Oct-12,23.48,23.68,23.23,23.54,37240
17-Oct-12,23.25,23.58,23.22,23.48,41188
16-Oct-12,23.05,23.22,22.93,23.12,60904
15-Oct-12,22.58,23.31,22.58,23.06,81902
12-Oct-12,22.76,22.95,22.45,22.75,75246
11-Oct-12,22.65,22.70,22.52,22.67,21418
10-Oct-12,22.90,23.30,22.46,22.56,26072
9-Oct-12,23.26,23.54,22.68,22.74,92660
8-Oct-12,23.32,23.60,23.32,23.48,31864
5-Oct-12,23.60,23.84,23.40,23.47,104048
4-Oct-12,23.68,23.76,23.28,23.52,129230
3-Oct-12,23.63,24.43,23.61,23.70,184840
2-Oct-12,22.43,23.68,22.43,23.44,79772
1-Oct-12,22.37,22.55,22.32,22.39,32536
28-Sep-12,22.45,22.73,22.30,22.40,74330
27-Sep-12,22.25,22.67,22.02,22.64,87584
26-Sep-12,22.07,22.31,21.94,22.02,50812
25-Sep-12,22.22,22.40,21.82,22.30,106072
24-Sep-12,22.32,22.37,21.00,22.12,91790
21-Sep-12,22.38,22.44,22.00,22.12,126994
20-Sep-12,22.24,22.48,22.22,22.34,53526
19-Sep-12,21.97,22.34,21.96,22.28,72586
18-Sep-12,22.19,22.19,21.90,21.91,26560
17-Sep-12,22.31,22.44,21.96,22.22,39360
14-Sep-12,21.76,22.25,21.76,22.24,175744
13-Sep-12,22.10,22.16,21.80,21.94,53360
12-Sep-12,22.25,22.34,21.94,22.12,27286
11-Sep-12,21.82,22.14,21.42,22.10,98002
10-Sep-12,22.00,22.23,21.77,21.86,83102
7-Sep-12,21.65,22.17,21.65,22.12,69808
6-Sep-12,21.07,21.49,21.07,21.45,109002
5-Sep-12,20.90,21.25,20.78,21.17,40622
4-Sep-12,21.08,21.10,20.79,21.02,36794
31-Aug-12,21.14,21.20,21.04,21.10,41422
30-Aug-12,21.00,21.27,20.72,21.03,112942
29-Aug-12,20.84,21.36,20.79,21.19,268150
28-Aug-12,20.67,20.81,20.59,20.78,28588
27-Aug-12,20.45,20.76,20.16,20.66,109922
24-Aug-12,20.40,20.52,20.32,20.50,61280
23-Aug-12,20.58,20.78,20.32,20.50,84236
22-Aug-12,20.46,20.92,20.10,20.77,197766
21-Aug-12,20.24,20.69,20.24,20.51,140386
20-Aug-12,20.38,20.42,20.22,20.36,66348
17-Aug-12,20.52,20.52,20.22,20.34,46508
16-Aug-12,20.56,20.80,20.42,20.68,62332
15-Aug-12,20.31,20.92,20.23,20.70,102334
14-Aug-12,20.94,20.96,20.08,20.35,142708
13-Aug-12,21.75,21.90,20.50,20.94,348920
10-Aug-12,19.75,22.20,19.51,21.92,759750
9-Aug-12,17.82,18.45,17.50,18.22,404254
8-Aug-12,17.76,17.96,17.68,17.90,99640
7-Aug-12,17.87,17.98,17.80,17.88,235532
6-Aug-12,17.58,17.74,17.42,17.72,266808
3-Aug-12,17.26,17.50,17.26,17.44,135724
2-Aug-12,17.06,17.27,17.00,17.15,92140
1-Aug-12,17.30,17.32,17.03,17.16,60022
31-Jul-12,17.59,17.77,17.24,17.32,97134
30-Jul-12,17.95,17.98,17.56,17.65,89236
27-Jul-12,17.96,18.02,17.57,17.92,139288
26-Jul-12,18.34,18.34,17.54,17.97,55782
25-Jul-12,17.98,18.20,17.87,17.94,107130
24-Jul-12,18.02,18.12,17.80,18.00,57570
23-Jul-12,17.66,18.30,17.66,18.13,226942
20-Jul-12,18.04,18.43,17.84,18.02,358404
19-Jul-12,18.49,18.66,17.53,18.06,614606
18-Jul-12,19.64,19.64,18.25,18.37,401572
17-Jul-12,21.12,21.50,20.12,20.16,459880
16-Jul-12,20.70,21.14,20.70,21.01,76924
13-Jul-12,21.16,21.31,20.59,21.06,180144
12-Jul-12,20.67,20.92,20.10,20.48,281770
11-Jul-12,21.10,21.66,20.92,21.00,159544
10-Jul-12,22.20,22.30,20.92,21.03,247272
9-Jul-12,23.07,23.07,21.92,22.05,141568
6-Jul-12,22.92,23.24,22.54,22.90,58658
5-Jul-12,23.05,23.38,22.77,23.16,47262
3-Jul-12,22.48,23.40,22.48,23.10,117354
2-Jul-12,22.65,22.82,22.00,22.50,196820
29-Jun-12,22.56,22.78,22.43,22.78,104094
28-Jun-12,22.07,22.08,21.68,22.00,51276
27-Jun-12,22.04,22.38,21.48,22.27,58536
26-Jun-12,21.96,22.08,21.35,21.90,144426
25-Jun-12,22.58,22.74,21.00,21.99,456636
22-Jun-12,22.72,23.10,22.72,22.80,57840
21-Jun-12,23.72,23.94,22.52,22.68,143856
20-Jun-12,23.02,23.96,23.02,23.86,212964
19-Jun-12,22.77,23.10,22.58,23.00,102058
18-Jun-12,22.55,23.19,22.55,22.70,134814
15-Jun-12,22.74,22.75,22.48,22.64,76972
14-Jun-12,22.32,22.63,22.02,22.58,72332
13-Jun-12,22.54,22.80,22.32,22.50,165864
12-Jun-12,22.42,22.72,22.00,22.56,72368
11-Jun-12,22.62,23.01,22.07,22.13,122668
8-Jun-12,23.54,23.54,22.54,22.84,205004
7-Jun-12,24.00,24.00,23.44,23.74,322728
6-Jun-12,23.02,23.75,22.61,23.68,256798
5-Jun-12,22.06,22.97,22.06,22.94,61042
4-Jun-12,22.52,22.78,22.00,22.32,262682
1-Jun-12,22.75,22.88,22.51,22.64,210378
31-May-12,23.25,23.41,23.00,23.25,156460
30-May-12,23.33,23.63,22.83,23.21,122528
29-May-12,23.76,24.12,22.85,23.60,197368
25-May-12,23.24,23.53,23.08,23.13,120522
24-May-12,23.76,23.86,22.92,23.30,128920
23-May-12,24.11,24.11,23.16,23.61,188618
22-May-12,24.95,25.65,24.28,24.32,441588
21-May-12,23.38,24.82,23.28,24.69,86278
18-May-12,23.76,23.94,23.31,23.37,80904
17-May-12,24.26,24.63,23.68,23.78,142348
16-May-12,24.62,25.11,24.36,24.50,106982
15-May-12,25.02,25.02,24.55,24.63,137590
14-May-12,24.29,25.10,23.96,24.92,298002
11-May-12,25.06,25.62,24.54,24.70,367338
10-May-12,24.32,26.25,24.32,25.65,649466
9-May-12,28.77,30.00,27.18,27.98,326434
8-May-12,28.55,30.19,28.55,29.20,155708
7-May-12,28.87,29.57,28.50,29.02,48250
4-May-12,28.86,29.46,28.52,28.93,85290
3-May-12,30.07,30.18,28.74,28.94,72996
2-May-12,30.42,30.70,29.50,30.03,155134
1-May-12,30.42,30.68,29.58,30.68,89540
30-Apr-12,30.50,30.50,29.80,30.36,110022
27-Apr-12,30.39,30.50,29.67,30.50,178154
26-Apr-12,29.50,30.50,29.45,30.40,120728
25-Apr-12,29.18,29.72,29.06,29.50,77288
24-Apr-12,29.20,29.28,28.65,29.04,59714
23-Apr-12,29.68,29.78,28.55,29.02,124746
20-Apr-12,29.41,30.50,29.41,30.18,49100
19-Apr-12,29.80,30.44,29.58,29.84,123504
18-Apr-12,30.16,30.50,29.63,29.91,71798
17-Apr-12,28.96,30.30,28.88,30.16,141240
16-Apr-12,29.04,29.40,28.40,28.89,48042
13-Apr-12,29.94,30.00,28.86,29.23,87572
12-Apr-12,28.81,30.00,28.34,29.70,130832
11-Apr-12,28.68,29.34,27.48,28.40,264662
10-Apr-12,30.02,30.02,28.28,28.58,173166
9-Apr-12,30.56,30.88,29.78,29.78,91166
5-Apr-12,30.04,31.76,29.72,31.14,103556
4-Apr-12,31.22,31.22,30.01,30.48,146978
3-Apr-12,30.00,31.98,29.74,31.87,373200
2-Apr-12,28.46,29.85,28.36,29.84,84984
30-Mar-12,28.76,29.16,28.32,28.43,97204
29-Mar-12,29.25,29.46,28.58,28.59,357266
28-Mar-12,29.56,29.75,29.24,29.48,111256
27-Mar-12,29.66,29.84,29.39,29.76,110924
26-Mar-12,28.64,29.85,28.44,29.68,278062
23-Mar-12,28.94,29.00,28.39,28.60,232318
22-Mar-12,29.02,29.50,28.88,29.02,116516
21-Mar-12,29.00,29.72,28.80,29.14,80816
20-Mar-12,29.80,29.80,28.82,29.00,406994
19-Mar-12,29.25,29.94,29.08,29.92,140616
16-Mar-12,29.00,29.42,29.00,29.24,65614
15-Mar-12,28.88,29.56,28.52,29.26,137674
14-Mar-12,28.72,29.04,28.63,28.82,152298
13-Mar-12,29.01,29.24,28.68,29.04,166212
12-Mar-12,27.75,29.16,27.64,29.02,335448
9-Mar-12,27.38,27.98,27.25,27.74,321742
8-Mar-12,26.62,27.50,26.43,27.31,196700
7-Mar-12,26.02,26.33,25.84,26.33,86482
6-Mar-12,26.50,26.52,25.63,25.80,208904
5-Mar-12,26.94,27.20,26.50,26.78,170326
2-Mar-12,25.97,26.84,25.84,26.77,239020
1-Mar-12,25.50,26.36,25.50,26.00,294254
29-Feb-12,24.86,25.75,24.71,25.54,207932
28-Feb-12,24.90,25.09,24.62,24.96,83468
27-Feb-12,25.00,25.39,24.92,24.92,275566
24-Feb-12,23.51,25.74,22.94,25.32,963210
23-Feb-12,22.50,22.65,22.36,22.61,123594
22-Feb-12,22.37,22.50,22.32,22.50,294264
21-Feb-12,22.50,22.61,22.36,22.50,214298
17-Feb-12,22.18,22.52,22.18,22.45,96670
16-Feb-12,23.14,23.14,22.04,22.39,144524
15-Feb-12,22.72,23.50,22.59,23.28,297122
14-Feb-12,22.19,22.81,22.13,22.42,86840
13-Feb-12,22.64,22.64,22.03,22.48,36762
10-Feb-12,22.28,22.48,22.24,22.27,76630
9-Feb-12,22.67,22.67,22.32,22.58,259750
8-Feb-12,22.19,22.72,22.19,22.63,65140
7-Feb-12,22.58,22.58,22.08,22.12,29050
6-Feb-12,22.50,23.21,22.18,22.44,50686
3-Feb-12,23.14,23.14,22.42,22.66,124804
2-Feb-12,22.50,22.72,22.25,22.50,104186
1-Feb-12,22.75,22.75,22.33,22.46,152132
31-Jan-12,22.60,22.72,22.16,22.48,184166
30-Jan-12,23.68,23.88,22.38,22.39,160758
27-Jan-12,22.45,24.81,22.45,24.10,1095480
26-Jan-12,22.76,22.76,22.29,22.50,46468
25-Jan-12,22.36,22.72,22.14,22.66,36668
24-Jan-12,21.98,22.62,21.98,22.50,76288
23-Jan-12,22.71,22.80,22.02,22.10,158812
20-Jan-12,21.88,22.75,21.88,22.52,146020
19-Jan-12,21.68,22.12,21.44,22.10,130268
18-Jan-12,21.10,21.96,21.10,21.68,96150
17-Jan-12,20.84,21.40,20.84,21.11,175444
13-Jan-12,20.66,21.01,20.18,20.56,203106
12-Jan-12,20.26,20.73,20.17,20.68,98950
11-Jan-12,19.88,20.27,19.88,20.18,103692
10-Jan-12,19.76,20.30,19.54,19.93,361810
9-Jan-12,19.62,19.63,19.26,19.44,83122
6-Jan-12,19.52,19.88,19.24,19.57,112204
5-Jan-12,20.50,20.70,19.32,19.65,294432
4-Jan-12,21.14,21.23,20.32,20.74,213978
3-Jan-12,21.40,21.68,21.06,21.25,56396
30-Dec-11,21.72,21.72,20.80,20.97,164716
29-Dec-11,21.50,21.54,20.95,21.32,87122
28-Dec-11,21.74,21.74,21.32,21.48,114626
27-Dec-11,21.98,22.14,21.72,21.84,78940
23-Dec-11,21.86,22.32,21.62,22.20,66112
22-Dec-11,21.44,22.00,21.34,21.97,56596
21-Dec-11,21.72,21.72,21.06,21.30,47232
20-Dec-11,21.72,22.24,21.55,21.92,85330
19-Dec-11,21.50,21.57,21.15,21.36,117644
16-Dec-11,21.28,21.74,21.06,21.45,167706
15-Dec-11,21.00,21.74,20.82,21.47,175412
14-Dec-11,21.73,22.23,20.88,21.12,118744
13-Dec-11,22.28,22.50,21.56,22.04,88704
12-Dec-11,22.18,22.46,22.06,22.22,48878
9-Dec-11,22.12,22.73,22.06,22.64,80142
8-Dec-11,22.42,22.50,21.94,22.10,61318
7-Dec-11,22.51,22.72,22.24,22.60,57954
6-Dec-11,23.14,23.14,22.52,22.56,45978
5-Dec-11,22.96,23.25,22.68,23.20,133418
2-Dec-11,22.63,22.75,22.30,22.63,88376
1-Dec-11,22.74,22.74,22.25,22.50,94858
30-Nov-11,22.50,23.04,22.06,22.70,426840
29-Nov-11,21.96,22.59,21.44,21.55,189004
28-Nov-11,20.94,22.78,20.62,22.06,174608
25-Nov-11,20.16,20.56,20.02,20.23,27948
23-Nov-11,20.83,20.94,20.07,20.30,159660
22-Nov-11,20.24,21.98,20.24,21.32,216614
21-Nov-11,20.76,20.94,19.86,20.32,209746
18-Nov-11,21.20,21.20,20.63,21.00,176964
17-Nov-11,21.24,21.56,20.86,21.00,139000
16-Nov-11,21.08,21.62,21.08,21.34,207380
15-Nov-11,21.06,21.40,20.91,21.19,183856
14-Nov-11,21.74,22.48,20.77,20.92,480888
11-Nov-11,22.44,22.44,21.52,21.90,268162
10-Nov-11,23.02,23.02,21.31,21.68,270458
9-Nov-11,22.58,23.48,21.77,22.02,218638
8-Nov-11,23.16,23.51,22.62,22.86,128896
7-Nov-11,22.94,23.32,22.85,23.18,119532
4-Nov-11,22.87,23.29,22.87,23.20,56780
3-Nov-11,23.20,23.32,22.80,23.02,44460
2-Nov-11,22.56,23.18,22.38,23.13,49654
1-Nov-11,22.49,23.26,22.09,22.09,283924
31-Oct-11,24.32,24.32,23.06,23.09,89932
28-Oct-11,25.00,25.22,24.52,24.74,77674
27-Oct-11,24.94,25.00,24.44,24.95,173158
26-Oct-11,22.32,23.94,22.00,23.90,160730
25-Oct-11,22.68,23.04,21.96,21.96,73316
24-Oct-11,22.18,23.44,22.18,23.00,104530
21-Oct-11,21.37,22.32,21.37,22.04,229484
20-Oct-11,20.45,20.88,20.18,20.56,184952
19-Oct-11,20.90,21.48,20.25,20.36,126594
18-Oct-11,21.16,21.30,20.20,21.04,223914
17-Oct-11,22.57,22.82,21.26,21.44,126132
14-Oct-11,22.68,23.15,22.40,22.78,123738
13-Oct-11,22.64,22.82,21.64,22.50,111576
12-Oct-11,22.49,22.96,22.49,22.75,202380
11-Oct-11,21.40,22.42,21.40,22.08,137336
10-Oct-11,21.27,21.62,20.61,21.40,200924
7-Oct-11,21.00,21.34,20.25,20.65,305406
6-Oct-11,21.26,21.32,20.62,20.79,265862
5-Oct-11,20.54,21.38,19.66,20.94,142472
4-Oct-11,18.68,20.84,18.31,20.41,361876
3-Oct-11,19.46,20.37,19.08,19.44,870466
30-Sep-11,21.16,21.97,19.91,19.98,538642
29-Sep-11,23.02,23.02,20.82,21.92,560370
28-Sep-11,23.62,24.10,22.12,22.19,170856
27-Sep-11,23.32,24.19,22.71,23.60,405058
26-Sep-11,23.24,23.27,21.90,22.62,249128
23-Sep-11,23.05,23.75,22.60,23.42,341122
22-Sep-11,24.33,24.50,23.06,23.11,578520
21-Sep-11,26.26,26.28,24.64,25.75,454146
20-Sep-11,27.30,27.30,25.96,26.30,390938
19-Sep-11,28.14,28.14,26.70,27.02,91190
16-Sep-11,27.97,28.54,27.77,28.44,291354
15-Sep-11,27.25,28.00,26.74,27.58,419836
14-Sep-11,26.50,27.40,25.97,26.96,164366
13-Sep-11,25.85,26.48,25.72,26.30,169716
12-Sep-11,25.25,26.40,25.25,25.82,148428
9-Sep-11,25.84,26.44,25.39,25.78,184994
8-Sep-11,26.16,26.94,25.91,25.94,81886
7-Sep-11,26.40,26.76,25.91,26.35,369802
6-Sep-11,26.13,26.63,25.75,25.90,188096
2-Sep-11,27.60,27.83,26.81,27.33,122334
1-Sep-11,27.88,28.33,27.66,27.84,147570
31-Aug-11,28.92,28.95,27.83,27.90,159562
30-Aug-11,28.24,29.00,27.67,28.46,259444
29-Aug-11,27.67,28.48,27.62,28.38,110254
26-Aug-11,27.38,27.44,26.36,27.33,193992
25-Aug-11,27.07,27.73,26.71,27.16,117554
24-Aug-11,27.86,28.08,26.44,27.00,266432
23-Aug-11,26.41,27.94,25.64,27.93,97846
22-Aug-11,27.77,27.77,26.08,26.22,99598
19-Aug-11,26.60,28.00,26.60,26.97,156040
18-Aug-11,27.50,28.08,26.82,27.00,427788
17-Aug-11,29.12,29.60,28.23,28.73,234962
16-Aug-11,29.14,29.38,28.24,28.75,127406
15-Aug-11,28.41,29.42,28.00,29.32,197360
12-Aug-11,27.75,28.04,27.10,28.00,106726
11-Aug-11,25.97,27.89,25.86,27.22,292378
10-Aug-11,26.82,27.20,25.74,25.75,510102
9-Aug-11,25.52,27.76,25.51,27.66,784102
8-Aug-11,26.25,26.94,25.02,25.50,477998
5-Aug-11,28.00,28.86,25.79,28.50,755814
4-Aug-11,30.00,30.00,28.94,29.04,541298
3-Aug-11,30.87,31.50,29.97,30.44,411466
2-Aug-11,32.20,31.50,29.97,30.78,666394
1-Aug-11,34.00,34.00,32.20,32.50,195842
29-Jul-11,33.65,33.90,32.46,33.02,237982
28-Jul-11,32.48,34.26,32.06,33.68,303786
27-Jul-11,34.46,34.90,32.32,32.48,261588
26-Jul-11,34.28,34.90,34.12,34.48,243488
25-Jul-11,32.68,34.63,32.54,34.11,137390
22-Jul-11,32.67,33.54,32.18,33.44,88080
21-Jul-11,31.99,32.70,31.86,32.56,88256
20-Jul-11,32.20,32.89,31.46,31.91,73212
19-Jul-11,30.12,32.38,29.43,32.25,235654
18-Jul-11,30.06,30.46,29.63,29.98,97098
15-Jul-11,29.88,30.40,29.30,30.21,122634
14-Jul-11,30.55,30.64,29.25,29.37,153420
13-Jul-11,29.79,30.70,29.20,30.37,163218
12-Jul-11,28.60,29.60,28.29,29.11,126268
11-Jul-11,30.26,30.74,28.57,29.06,302092
8-Jul-11,29.22,30.04,29.02,29.82,207956
7-Jul-11,29.82,30.19,29.48,30.16,177820
6-Jul-11,29.50,29.55,29.01,29.23,124536
5-Jul-11,28.76,29.85,28.18,29.60,380752
1-Jul-11,28.28,28.80,27.38,28.64,328174
30-Jun-11,26.71,28.12,26.57,28.06,481478
29-Jun-11,26.71,26.75,25.74,26.65,476202
28-Jun-11,24.74,26.74,24.72,26.48,348630
27-Jun-11,24.84,24.89,24.16,24.56,175804
24-Jun-11,25.00,25.60,24.04,24.76,346888
23-Jun-11,24.74,25.30,24.00,25.00,236352
22-Jun-11,25.26,26.00,25.26,25.34,205692
21-Jun-11,23.68,25.50,23.51,25.48,301990
20-Jun-11,23.31,23.96,23.24,23.56,204090
17-Jun-11,23.25,23.90,23.18,23.80,368398
16-Jun-11,23.42,23.80,22.80,22.98,236474
15-Jun-11,23.88,24.16,23.27,23.36,331986
14-Jun-11,23.01,24.29,22.94,24.16,648406
13-Jun-11,24.82,25.40,22.40,22.52,1096826
10-Jun-11,24.38,25.09,23.92,24.89,519068
9-Jun-11,24.50,25.06,24.18,24.78,377748
8-Jun-11,24.00,25.75,23.90,24.22,1034716
7-Jun-11,27.56,27.57,23.38,23.83,1523692
6-Jun-11,27.94,28.07,27.43,27.50,399912
3-Jun-11,28.07,28.36,27.91,28.08,202140
2-Jun-11,27.98,28.34,27.91,28.07,116880
1-Jun-11,28.55,28.55,27.90,28.03,156714
31-May-11,28.64,28.70,28.42,28.56,177794
27-May-11,29.22,29.37,27.91,28.14,432082
26-May-11,28.46,29.69,28.44,29.50,223988
25-May-11,28.04,28.68,28.04,28.44,114364
24-May-11,28.40,28.84,27.90,28.09,105432
23-May-11,28.25,28.97,27.70,28.38,192692
20-May-11,29.44,29.58,28.52,28.66,131266
19-May-11,29.22,29.96,28.95,29.10,155718
18-May-11,28.04,29.32,28.04,29.12,134104
17-May-11,29.11,29.64,28.13,28.20,218278
16-May-11,30.40,30.93,29.00,29.14,303930
13-May-11,30.96,31.41,30.00,30.42,173064
12-May-11,31.26,31.58,30.00,30.60,321458
11-May-11,31.94,31.94,31.21,31.62,135718
10-May-11,32.00,32.15,31.58,31.92,189148
9-May-11,31.54,32.50,31.26,31.82,359080
6-May-11,29.39,33.44,29.39,31.84,1286614
5-May-11,27.28,28.54,27.25,28.28,254594
4-May-11,28.49,28.65,27.75,27.75,269260
3-May-11,28.14,28.90,28.00,28.23,194242
2-May-11,27.51,28.64,27.14,28.22,333180
29-Apr-11,28.12,29.51,27.85,28.00,460076
28-Apr-11,28.51,28.86,28.00,28.18,209392
27-Apr-11,29.70,29.70,28.64,28.72,253648
26-Apr-11,29.85,30.21,29.10,29.48,464580
25-Apr-11,29.83,30.20,29.06,29.78,183944
21-Apr-11,30.64,30.86,29.85,30.18,535186
20-Apr-11,31.20,31.37,29.98,30.42,430350
19-Apr-11,29.52,30.68,29.52,30.68,324672
18-Apr-11,30.00,30.35,29.54,29.65,146566
15-Apr-11,30.84,30.84,30.00,30.53,95162
14-Apr-11,30.50,31.30,30.24,30.86,264924
13-Apr-11,29.66,31.33,28.74,30.74,423120
12-Apr-11,30.11,30.17,29.04,29.28,334196
11-Apr-11,31.32,31.32,29.41,30.56,278156
8-Apr-11,32.00,32.00,30.52,31.36,269904
7-Apr-11,32.20,32.27,31.30,31.70,157944
6-Apr-11,33.46,33.76,31.02,31.52,605864
5-Apr-11,33.94,34.28,33.24,33.46,316098
4-Apr-11,32.38,33.57,32.00,33.54,203392
1-Apr-11,32.02,32.80,31.84,32.18,111684
31-Mar-11,31.50,32.22,31.28,31.96,115494
30-Mar-11,31.47,31.82,31.25,31.66,123348
29-Mar-11,30.63,31.38,30.36,31.02,127532
28-Mar-11,30.60,30.99,30.15,30.60,237322
25-Mar-11,31.02,31.43,30.50,30.56,134866
24-Mar-11,30.21,31.24,30.18,30.68,168556
23-Mar-11,29.28,30.38,29.25,29.83,283204
22-Mar-11,28.88,29.50,28.68,29.26,112420
21-Mar-11,27.12,29.38,27.05,29.08,236390
18-Mar-11,27.26,27.84,26.82,26.86,105338
17-Mar-11,26.64,28.13,26.62,27.23,496170
16-Mar-11,26.81,28.26,26.51,26.51,246186
15-Mar-11,26.14,27.28,25.27,27.06,323402
14-Mar-11,27.88,28.32,27.46,27.80,284294
11-Mar-11,28.04,28.56,27.08,28.28,399866
10-Mar-11,28.00,28.48,28.00,28.26,295126
9-Mar-11,28.86,28.86,28.10,28.76,275184
8-Mar-11,28.82,29.19,28.40,28.85,209648
7-Mar-11,30.19,30.20,28.50,28.86,581150
4-Mar-11,30.59,30.59,29.51,30.18,247960
3-Mar-11,29.20,30.41,28.86,30.30,344084
2-Mar-11,28.70,29.48,28.70,28.86,201072
1-Mar-11,29.14,29.50,28.79,29.14,383344
28-Feb-11,32.02,32.28,29.00,29.84,682354
25-Feb-11,28.64,30.30,28.42,30.12,271580
24-Feb-11,28.00,28.77,27.51,28.20,439846
23-Feb-11,28.04,28.70,27.42,28.02,333474
22-Feb-11,29.28,29.86,28.00,28.48,335474
18-Feb-11,29.82,31.00,29.68,29.98,217158
17-Feb-11,29.84,30.02,29.14,29.84,104398
16-Feb-11,30.00,30.60,29.28,29.78,133588
15-Feb-11,30.13,30.30,29.51,29.82,92816
14-Feb-11,29.31,30.44,29.17,29.87,171066
11-Feb-11,28.00,29.23,27.66,28.92,214998
10-Feb-11,28.08,28.27,27.38,28.16,295024
9-Feb-11,29.52,29.79,28.06,28.14,191676
8-Feb-11,29.76,30.00,29.30,29.51,191164
7-Feb-11,29.00,29.96,28.89,29.62,284076
4-Feb-11,28.78,29.00,28.68,28.98,66010
3-Feb-11,28.76,28.92,28.33,28.87,87752
2-Feb-11,28.53,28.72,28.14,28.69,143360
1-Feb-11,27.42,28.62,27.17,28.56,200646
31-Jan-11,26.74,27.58,26.54,27.00,188078
28-Jan-11,28.16,28.16,26.29,26.75,254418
27-Jan-11,28.50,28.50,27.64,27.90,114174
26-Jan-11,27.56,28.54,27.56,28.30,177910
25-Jan-11,28.39,28.68,27.56,27.77,145042
24-Jan-11,27.50,28.58,26.55,28.20,324106
21-Jan-11,27.82,28.49,27.31,27.64,209738
20-Jan-11,28.52,28.70,27.00,27.86,758118
19-Jan-11,30.43,30.64,28.70,28.92,531392
18-Jan-11,28.50,30.15,28.04,30.11,506268
14-Jan-11,29.00,29.27,28.76,28.96,210606
13-Jan-11,28.83,29.16,28.60,28.94,141890
12-Jan-11,29.42,29.46,28.61,29.12,302424
11-Jan-11,28.92,30.00,28.66,29.50,509452
10-Jan-11,26.92,28.65,26.70,28.55,368042
7-Jan-11,26.50,26.96,26.26,26.62,281642
6-Jan-11,26.00,26.48,25.82,26.24,176148
5-Jan-11,25.50,25.98,25.11,25.80,73548
4-Jan-11,26.00,26.00,24.90,25.41,176696
3-Jan-11,25.33,25.86,25.00,25.58,223942
31-Dec-10,24.30,24.95,24.16,24.62,144000
30-Dec-10,24.50,24.76,24.24,24.30,174496
29-Dec-10,24.38,24.70,24.32,24.55,141604
28-Dec-10,24.50,24.59,24.35,24.38,121402
27-Dec-10,24.76,25.02,23.77,24.32,302102
23-Dec-10,25.48,25.48,24.87,25.00,61458
22-Dec-10,25.15,25.38,24.96,25.35,99594
21-Dec-10,25.06,25.52,24.81,25.24,392786
20-Dec-10,24.96,25.64,24.41,24.69,549492
17-Dec-10,24.38,25.00,24.30,24.94,1003834
16-Dec-10,24.28,24.72,24.26,24.62,138544
15-Dec-10,24.91,24.93,24.03,24.80,369786
14-Dec-10,25.15,25.50,24.64,25.15,345092
13-Dec-10,27.05,27.12,24.56,25.50,645104
10-Dec-10,27.40,27.75,26.77,26.97,344462
9-Dec-10,26.90,27.10,26.28,27.00,283566
8-Dec-10,25.65,26.56,25.47,26.52,384238
7-Dec-10,25.72,26.00,25.20,26.00,271304
6-Dec-10,26.38,26.46,25.38,25.80,140864
3-Dec-10,26.17,26.36,25.70,26.00,144084
2-Dec-10,26.28,26.50,25.87,26.08,322132
1-Dec-10,25.76,26.85,25.76,26.50,472194
30-Nov-10,25.49,25.49,25.06,25.37,105064
29-Nov-10,25.48,25.50,25.01,25.31,145164
26-Nov-10,25.23,25.40,25.00,25.25,108292
24-Nov-10,25.10,25.92,25.00,25.50,423632
23-Nov-10,23.32,25.07,23.14,24.91,434224
22-Nov-10,23.65,23.92,23.30,23.78,104278
19-Nov-10,23.60,23.72,23.26,23.68,186882
18-Nov-10,24.24,24.34,23.44,23.60,256408
17-Nov-10,22.26,23.90,22.18,23.56,346154
16-Nov-10,22.90,23.00,22.44,22.53,486524
15-Nov-10,23.98,23.98,22.16,23.45,708944
12-Nov-10,23.76,24.48,23.34,23.54,484660
11-Nov-10,24.78,25.20,24.25,24.88,592546
10-Nov-10,22.90,25.88,22.78,25.43,1229044
9-Nov-10,25.00,25.50,23.94,24.10,826782
8-Nov-10,22.76,24.75,22.62,24.66,802556
5-Nov-10,23.13,23.31,22.38,22.52,227060
4-Nov-10,23.64,23.64,21.90,23.10,468932
3-Nov-10,23.46,23.50,22.99,23.28,119858
2-Nov-10,23.00,23.50,22.64,23.20,168144
1-Nov-10,22.54,23.50,21.38,22.77,252388
29-Oct-10,22.45,22.78,22.45,22.54,106306
28-Oct-10,22.52,22.84,22.15,22.52,199734
27-Oct-10,22.33,22.52,21.10,22.21,344898
26-Oct-10,23.50,23.50,22.07,22.20,313736
25-Oct-10,22.12,23.74,22.00,23.27,520450
22-Oct-10,21.20,22.24,20.76,21.78,109904
21-Oct-10,21.75,22.30,20.52,21.45,217282
20-Oct-10,21.75,22.25,21.50,21.78,203586
19-Oct-10,21.80,22.26,21.34,21.68,219926
18-Oct-10,21.38,22.38,21.13,22.34,468794
15-Oct-10,22.25,22.48,21.66,21.70,283718
14-Oct-10,22.80,22.82,21.80,22.19,793136
13-Oct-10,19.84,23.24,19.62,23.03,2088626
12-Oct-10,19.32,19.38,18.93,19.13,196580
11-Oct-10,19.18,19.59,18.81,19.06,164846
8-Oct-10,18.28,19.18,18.24,19.03,271552
7-Oct-10,18.80,18.80,17.52,18.13,539700
6-Oct-10,19.58,19.81,18.69,18.80,212096
5-Oct-10,19.88,20.25,19.61,19.68,198746
4-Oct-10,19.22,20.00,18.97,19.86,432842
1-Oct-10,18.64,19.50,18.25,19.48,263076
30-Sep-10,19.26,19.33,18.19,18.74,276374
29-Sep-10,19.25,19.28,18.82,19.06,159808
28-Sep-10,18.93,19.36,18.80,19.10,186676
27-Sep-10,19.43,19.50,18.75,19.13,277452
24-Sep-10,18.88,19.59,18.88,19.16,372162
23-Sep-10,18.34,19.20,18.03,18.74,472000
22-Sep-10,18.50,18.80,17.96,18.21,393872
21-Sep-10,17.68,18.50,17.14,18.48,832028
20-Sep-10,18.00,18.00,17.03,17.68,673794
17-Sep-10,15.95,18.10,15.94,18.00,1419478
16-Sep-10,14.75,16.19,14.75,15.94,889522
15-Sep-10,14.28,14.78,14.28,14.74,278950
14-Sep-10,14.50,14.56,14.25,14.35,84276
13-Sep-10,14.35,14.52,13.84,14.50,298172
10-Sep-10,13.68,14.22,13.68,13.90,167882
9-Sep-10,13.98,14.14,13.70,13.79,115220
8-Sep-10,13.82,14.36,13.58,13.83,210214
7-Sep-10,15.00,15.14,13.71,13.83,566058
3-Sep-10,14.07,14.94,13.70,14.92,514408
2-Sep-10,13.86,13.99,13.82,13.93,127124
1-Sep-10,13.88,14.06,13.78,13.96,101870
31-Aug-10,13.41,14.02,13.25,13.85,189078
30-Aug-10,13.66,13.78,13.57,13.64,163302
27-Aug-10,13.50,13.71,13.45,13.67,89314
26-Aug-10,13.56,13.76,13.25,13.56,198002
25-Aug-10,14.04,14.12,13.12,13.38,619826
24-Aug-10,14.60,14.60,14.02,14.19,306006
23-Aug-10,14.98,14.98,14.40,14.59,174074
20-Aug-10,14.60,15.15,14.60,14.78,471628
19-Aug-10,14.78,14.94,14.55,14.61,273252
18-Aug-10,14.95,15.00,14.68,14.85,224634
17-Aug-10,14.00,14.95,13.97,14.90,501916
16-Aug-10,13.25,13.99,13.19,13.90,251832
13-Aug-10,13.22,13.30,13.12,13.23,99632
12-Aug-10,13.10,13.34,12.81,13.34,96234
11-Aug-10,12.85,13.17,12.75,13.10,126362
10-Aug-10,12.86,13.25,12.84,13.11,83856
9-Aug-10,13.28,13.28,12.87,13.16,140338
6-Aug-10,13.34,13.34,12.50,13.28,89672
5-Aug-10,13.50,13.50,12.31,13.00,173460
4-Aug-10,12.96,13.49,12.90,13.45,436572
3-Aug-10,12.96,13.10,12.58,12.62,250804
2-Aug-10,12.80,13.10,12.50,12.64,238108
30-Jul-10,12.10,12.62,12.05,12.56,135274
29-Jul-10,12.14,12.43,12.08,12.26,155248
28-Jul-10,12.42,12.44,11.26,12.09,59428
27-Jul-10,11.68,12.35,11.68,12.25,261836
26-Jul-10,11.50,11.70,11.38,11.68,148906
23-Jul-10,11.31,11.49,11.18,11.44,33058
22-Jul-10,11.06,11.28,10.89,11.08,30384
21-Jul-10,10.78,10.98,10.78,10.89,39506
20-Jul-10,10.69,10.86,10.64,10.76,67370
19-Jul-10,10.52,10.78,10.52,10.72,29892
16-Jul-10,11.45,11.50,10.52,10.62,84322
15-Jul-10,10.72,10.82,10.52,10.70,55100
14-Jul-10,10.56,10.74,10.32,10.74,143944
13-Jul-10,10.34,10.40,9.77,10.32,39380
12-Jul-10,10.30,10.38,10.20,10.20,19240
9-Jul-10,10.38,10.38,10.02,10.20,42398
8-Jul-10,10.04,10.40,9.93,10.32,36842
7-Jul-10,9.60,9.94,9.52,9.86,49642
6-Jul-10,9.82,9.86,9.58,9.70,91924
2-Jul-10,9.76,10.00,9.34,9.47,162474
1-Jul-10,10.52,10.52,10.05,10.05,68764
30-Jun-10,10.52,10.69,10.28,10.40,75366
29-Jun-10,11.22,11.30,10.26,10.49,174472
28-Jun-10,11.01,11.48,11.01,11.40,53986
25-Jun-10,11.14,11.27,10.99,11.14,94352
24-Jun-10,11.15,11.15,10.98,11.00,49030
23-Jun-10,11.30,11.32,10.91,11.10,75250
22-Jun-10,11.60,11.65,11.16,11.42,133276
21-Jun-10,11.20,11.58,11.19,11.46,266992
18-Jun-10,11.42,11.42,10.96,11.10,231314
17-Jun-10,10.46,11.45,10.46,11.26,352894
16-Jun-10,9.94,10.50,9.94,10.50,114490
15-Jun-10,10.00,10.05,9.88,10.05,68592
14-Jun-10,10.04,10.05,9.94,10.00,44736
11-Jun-10,9.94,10.08,9.88,10.02,43320
10-Jun-10,10.06,10.06,9.88,9.96,19582
9-Jun-10,10.00,10.13,9.84,9.92,27034
8-Jun-10,9.64,10.00,9.51,9.99,93578
7-Jun-10,9.76,9.80,9.66,9.68,49608
4-Jun-10,9.74,9.86,9.52,9.72,53382
3-Jun-10,9.56,10.00,9.30,9.84,38488
2-Jun-10,9.43,9.93,9.13,9.56,83002
1-Jun-10,9.60,9.70,9.28,9.38,71530
28-May-10,9.76,9.82,9.40,9.64,80774
27-May-10,9.64,9.99,9.64,9.82,74870
26-May-10,9.46,10.00,9.46,9.54,63310
25-May-10,9.44,9.44,9.15,9.18,103004
24-May-10,9.61,9.96,9.61,9.71,74558
21-May-10,9.26,9.72,9.26,9.38,94510
20-May-10,10.01,10.01,9.30,9.32,86846
19-May-10,10.06,10.29,10.01,10.12,34062
18-May-10,10.20,10.40,10.05,10.20,63100
17-May-10,10.18,10.36,10.02,10.25,99078
14-May-10,10.36,10.40,10.06,10.23,40048
13-May-10,10.28,10.46,10.08,10.22,64776
12-May-10,9.84,10.34,9.84,10.28,130012
11-May-10,9.86,10.17,9.74,9.95,124278
10-May-10,10.36,10.50,9.62,10.05,263940
7-May-10,9.42,10.24,9.42,10.22,113162
6-May-10,9.50,9.65,9.00,9.32,181874
5-May-10,9.69,9.69,9.50,9.50,50746
4-May-10,10.21,10.34,9.82,9.93,50750
3-May-10,10.09,10.21,9.94,10.05,61542
30-Apr-10,10.10,10.14,9.74,10.08,36520
29-Apr-10,10.04,10.23,9.90,10.04,40098
28-Apr-10,10.11,10.25,9.72,9.98,56022
27-Apr-10,10.34,10.48,9.76,10.15,138546
26-Apr-10,9.46,10.36,9.46,10.27,222860
23-Apr-10,8.66,9.64,8.66,9.55,407804
22-Apr-10,9.09,9.10,8.32,8.60,506520
21-Apr-10,9.20,9.22,9.08,9.15,20834
20-Apr-10,9.50,9.50,9.12,9.25,10326
19-Apr-10,9.26,9.32,9.12,9.14,29592
16-Apr-10,9.42,9.60,9.26,9.31,34058
15-Apr-10,9.69,9.82,9.46,9.50,38428
14-Apr-10,9.80,9.80,9.66,9.69,28942
13-Apr-10,9.80,9.82,9.55,9.68,50568
12-Apr-10,9.50,9.84,9.45,9.84,59084
9-Apr-10,8.98,9.80,8.98,9.55,141394
8-Apr-10,8.98,9.02,8.96,9.00,53558
7-Apr-10,9.00,9.02,8.98,9.02,43646
6-Apr-10,8.97,9.03,8.76,9.02,40720
5-Apr-10,9.00,9.06,9.00,9.02,21800
31-Mar-10,9.00,9.03,8.96,9.00,52966
30-Mar-10,9.05,9.05,8.96,9.05,48228
29-Mar-10,9.00,9.04,8.98,9.00,72454
26-Mar-10,9.05,9.06,8.91,9.02,39950
25-Mar-10,9.04,9.08,9.00,9.01,28886
24-Mar-10,9.05,9.10,9.02,9.05,95180
23-Mar-10,9.02,9.08,9.00,9.05,60534
22-Mar-10,9.08,9.10,8.97,9.02,39604
19-Mar-10,9.00,9.09,9.00,9.04,14352
18-Mar-10,9.05,9.09,9.02,9.05,27400
17-Mar-10,9.12,9.12,9.00,9.10,66218
16-Mar-10,9.31,9.31,9.03,9.14,73562
15-Mar-10,9.04,9.16,9.00,9.14,40500
12-Mar-10,9.27,9.27,9.00,9.18,38234
11-Mar-10,9.16,9.20,9.02,9.10,102708
10-Mar-10,9.06,9.12,9.04,9.10,66520
9-Mar-10,9.18,9.18,9.02,9.06,129028
8-Mar-10,9.15,9.20,8.99,9.20,150158
5-Mar-10,9.76,10.18,9.02,9.23,491686
4-Mar-10,8.90,9.20,8.90,9.10,63266
3-Mar-10,9.20,9.20,8.97,9.09,24886
2-Mar-10,9.02,9.66,8.95,9.22,129180
1-Mar-10,9.13,9.50,8.66,9.00,29610
26-Feb-10,9.40,9.40,9.00,9.00,27184
25-Feb-10,9.12,9.38,8.94,9.38,43184
24-Feb-10,9.30,9.30,9.13,9.15,18086
23-Feb-10,9.47,9.49,9.20,9.30,39716
22-Feb-10,9.14,9.50,9.14,9.38,20780
19-Feb-10,9.07,9.12,8.98,9.12,43498
18-Feb-10,8.78,9.07,8.72,9.02,77898
17-Feb-10,8.75,9.14,8.38,9.09,75634
16-Feb-10,8.50,8.72,8.49,8.72,23290
12-Feb-10,8.11,8.45,8.11,8.37,23720
11-Feb-10,7.95,8.14,7.95,8.05,52026
10-Feb-10,7.85,7.88,7.80,7.85,20384
9-Feb-10,7.95,7.95,7.66,7.80,57448
8-Feb-10,7.86,7.92,7.85,7.86,29878
5-Feb-10,7.98,7.98,7.66,7.86,39068
4-Feb-10,8.08,8.08,7.98,8.05,28104
3-Feb-10,8.00,8.37,7.99,8.36,28570
2-Feb-10,7.88,7.99,7.85,7.94,29456
1-Feb-10,8.00,8.06,7.80,7.90,37436
29-Jan-10,8.10,8.15,7.88,8.00,169524
28-Jan-10,8.04,8.24,8.03,8.15,44246
27-Jan-10,8.11,8.20,8.00,8.12,184770
26-Jan-10,8.30,8.30,8.06,8.14,43854
25-Jan-10,8.28,8.35,8.13,8.30,45688
22-Jan-10,7.88,8.32,7.88,8.15,104478
21-Jan-10,8.50,8.50,7.94,7.98,265022
20-Jan-10,9.01,9.06,8.42,8.52,128382
19-Jan-10,9.28,9.28,9.04,9.10,14048
15-Jan-10,9.00,9.32,9.00,9.15,12048
14-Jan-10,9.26,9.26,9.15,9.16,10600
13-Jan-10,9.36,9.42,9.26,9.30,5756
12-Jan-10,9.43,9.50,9.32,9.36,71964
11-Jan-10,9.66,9.66,9.48,9.48,52272
8-Jan-10,9.50,9.54,9.30,9.52,76140
7-Jan-10,9.21,9.50,9.12,9.50,108234
6-Jan-10,9.24,9.32,9.18,9.22,78708
5-Jan-10,8.96,9.25,8.95,9.15,56282
4-Jan-10,8.86,9.12,8.86,8.95,10772
31-Dec-09,8.86,8.98,8.77,8.89,33540
30-Dec-09,8.82,8.98,8.70,8.78,44102
29-Dec-09,8.99,9.00,8.78,8.93,11176
28-Dec-09,8.80,8.96,8.69,8.94,19054
24-Dec-09,8.76,8.98,8.73,8.90,14566
23-Dec-09,8.68,8.72,8.33,8.72,73178
22-Dec-09,8.76,8.79,8.43,8.66,167544
21-Dec-09,8.77,8.90,8.72,8.77,23030
18-Dec-09,8.59,8.95,8.58,8.77,63240
17-Dec-09,8.73,8.78,8.50,8.67,59330
16-Dec-09,8.84,9.05,8.56,8.91,90384
15-Dec-09,9.26,9.26,8.98,9.10,130530
14-Dec-09,9.19,9.44,9.18,9.20,49822
11-Dec-09,9.33,9.44,9.18,9.20,29350
10-Dec-09,9.42,9.50,9.31,9.38,148318
9-Dec-09,9.62,9.75,9.32,9.47,226526
8-Dec-09,9.70,9.75,9.62,9.62,95030
7-Dec-09,9.56,9.75,9.56,9.75,64216
4-Dec-09,9.50,9.59,9.45,9.57,133320
3-Dec-09,9.45,9.50,9.43,9.48,81252
2-Dec-09,9.29,9.50,9.29,9.45,99266
1-Dec-09,9.25,9.40,9.14,9.40,31874
30-Nov-09,9.24,9.40,9.16,9.16,64590
27-Nov-09,9.25,9.26,9.00,9.14,19998
25-Nov-09,9.16,9.40,9.00,9.37,69662
24-Nov-09,9.50,9.75,8.90,9.00,144580
23-Nov-09,9.41,10.25,9.06,9.50,631960
20-Nov-09,8.47,8.47,8.06,8.33,93822
19-Nov-09,8.52,8.52,8.06,8.14,19730
18-Nov-09,8.68,8.70,8.32,8.40,50774
17-Nov-09,8.94,8.94,8.40,8.72,26090
16-Nov-09,8.78,8.96,8.74,8.84,93382
13-Nov-09,8.78,8.78,8.56,8.75,31012
12-Nov-09,8.74,8.74,8.54,8.62,37800
11-Nov-09,8.36,8.81,8.36,8.61,112798
10-Nov-09,8.54,8.90,8.50,8.73,64476
9-Nov-09,8.15,8.55,8.12,8.50,38240
6-Nov-09,8.13,8.15,8.10,8.15,24238
5-Nov-09,7.98,8.15,7.98,8.09,83826
4-Nov-09,7.91,8.18,7.89,8.06,93328
3-Nov-09,7.70,7.78,7.56,7.75,51220
2-Nov-09,7.40,7.75,7.36,7.67,45896
30-Oct-09,7.32,7.60,6.59,7.45,123008
29-Oct-09,7.95,7.95,7.48,7.67,27524
28-Oct-09,7.84,7.98,7.65,7.74,60828
27-Oct-09,8.10,8.22,7.92,7.93,116074
26-Oct-09,7.64,8.20,7.50,8.16,132722
23-Oct-09,7.54,7.82,7.43,7.79,72268
